# unix_time, cycles_done, cur_path, paths_total, pending_total, pending_favs, map_size, unique_crashes, unique_hangs, max_depth, execs_per_sec
1613795049, 0, 0, 37, 37, 32, 5.92%, 0, 0, 1, 183.40
1613795100, 0, 0, 51, 51, 32, 6.03%, 0, 0, 2, 777.41
1613795106, 0, 0, 75, 75, 32, 6.12%, 0, 0, 2, 33.50
1613795111, 0, 0, 91, 91, 32, 6.12%, 0, 0, 2, 32.19
1613795116, 0, 0, 109, 109, 32, 6.12%, 0, 0, 2, 35.91
1613795121, 0, 0, 120, 120, 32, 6.12%, 0, 0, 2, 28.84
1613795126, 0, 0, 142, 142, 32, 6.12%, 0, 0, 2, 47.02
1613795131, 0, 0, 156, 156, 32, 6.12%, 0, 0, 2, 33.68
1613795136, 0, 0, 169, 169, 32, 6.12%, 0, 0, 2, 32.46
1613795142, 0, 0, 180, 180, 32, 6.12%, 0, 0, 2, 29.97
1613795147, 0, 0, 190, 190, 32, 6.12%, 0, 0, 2, 29.44
1613795152, 0, 0, 200, 200, 32, 6.12%, 0, 0, 2, 29.09
1613795157, 0, 0, 210, 210, 32, 6.12%, 0, 0, 2, 28.36
1613795162, 0, 0, 218, 218, 32, 6.12%, 0, 0, 2, 27.86
1613795168, 0, 0, 223, 223, 32, 6.12%, 0, 0, 2, 28.21
1613795173, 0, 0, 228, 228, 32, 6.12%, 0, 0, 2, 29.50
1613795178, 0, 0, 229, 229, 32, 6.12%, 0, 0, 2, 27.67
1613795183, 0, 0, 232, 232, 32, 6.12%, 0, 0, 2, 27.77
1613795188, 0, 0, 237, 237, 32, 6.12%, 0, 0, 2, 27.10
1613795194, 0, 0, 239, 239, 32, 6.12%, 0, 0, 2, 27.58
1613795199, 0, 0, 242, 242, 32, 6.12%, 0, 0, 2, 26.51
1613795204, 0, 0, 246, 246, 32, 6.12%, 0, 0, 2, 24.45
1613795209, 0, 0, 248, 248, 32, 6.12%, 0, 0, 2, 26.13
1613795214, 0, 0, 253, 253, 32, 6.12%, 0, 0, 2, 28.16
1613795219, 0, 0, 255, 255, 32, 6.12%, 0, 0, 2, 26.79
1613795229, 0, 0, 257, 257, 32, 6.12%, 0, 0, 2, 25.52
1613795234, 0, 0, 259, 259, 32, 6.12%, 0, 0, 2, 25.36
1613795239, 0, 0, 263, 263, 32, 6.12%, 0, 0, 2, 24.23
1613795245, 0, 0, 266, 266, 32, 6.12%, 0, 0, 2, 25.54
1613795250, 0, 0, 268, 268, 32, 6.12%, 0, 0, 2, 26.16
1613795255, 0, 0, 270, 270, 32, 6.12%, 0, 0, 2, 26.04
1613795260, 0, 0, 271, 271, 32, 6.12%, 0, 0, 2, 25.99
1613795265, 0, 0, 275, 275, 32, 6.12%, 0, 0, 2, 25.91
1613795270, 0, 0, 276, 276, 32, 6.12%, 0, 0, 2, 25.52
1613795275, 0, 0, 277, 277, 32, 6.12%, 0, 0, 2, 24.63
1613795280, 0, 0, 278, 278, 32, 6.12%, 0, 0, 2, 25.14
1613795285, 0, 0, 280, 280, 32, 6.12%, 0, 0, 2, 24.36
1613795301, 0, 0, 281, 281, 32, 6.12%, 0, 0, 2, 24.43
1613795311, 0, 0, 282, 282, 32, 6.12%, 0, 0, 2, 23.97
1613795316, 0, 0, 284, 284, 32, 6.12%, 0, 0, 2, 24.00
1613795321, 0, 0, 286, 286, 32, 6.12%, 0, 0, 2, 23.69
1613795326, 0, 0, 287, 287, 32, 6.12%, 0, 0, 2, 23.74
1613795352, 0, 0, 288, 288, 32, 6.12%, 0, 0, 2, 25.06
1613795357, 0, 0, 290, 290, 32, 6.12%, 0, 0, 2, 24.78
1613795367, 0, 0, 291, 291, 32, 6.12%, 0, 0, 2, 24.52
1613795372, 0, 0, 293, 293, 32, 6.12%, 0, 0, 2, 24.88
1613795378, 0, 0, 296, 296, 32, 6.12%, 0, 0, 2, 26.24
1613795388, 0, 0, 298, 298, 32, 6.12%, 0, 0, 2, 24.79
1613795393, 0, 0, 299, 299, 32, 6.12%, 0, 0, 2, 25.82
1613795398, 0, 0, 300, 300, 32, 6.12%, 0, 0, 2, 25.95
1613795408, 0, 0, 301, 301, 32, 6.12%, 0, 0, 2, 24.87
1613795413, 0, 0, 302, 302, 32, 6.12%, 0, 0, 2, 23.97
1613795434, 0, 0, 304, 304, 32, 6.12%, 0, 0, 2, 25.36
1613795489, 0, 0, 305, 305, 32, 6.12%, 0, 0, 2, 24.68
1613795495, 0, 0, 306, 306, 32, 6.12%, 0, 0, 2, 24.60
1613795551, 0, 0, 307, 307, 32, 6.12%, 0, 0, 2, 23.76
1613795823, 0, 0, 308, 308, 32, 6.12%, 0, 0, 2, 20.83
1613795833, 0, 0, 309, 309, 32, 6.12%, 0, 0, 2, 21.61
1613795905, 0, 0, 316, 316, 32, 6.16%, 0, 0, 2, 21.04
1613795910, 0, 0, 318, 318, 32, 6.16%, 0, 0, 2, 29.30
1613795951, 0, 0, 320, 320, 32, 6.16%, 0, 0, 2, 27.24
1613795961, 0, 0, 321, 321, 32, 6.16%, 0, 0, 2, 26.31
1613795966, 0, 0, 322, 322, 32, 6.16%, 0, 0, 2, 25.49
1613795992, 0, 0, 323, 323, 32, 6.16%, 0, 0, 2, 25.53
1613795997, 0, 0, 324, 324, 32, 6.16%, 0, 0, 2, 25.59
1613796023, 0, 0, 325, 325, 32, 6.16%, 0, 0, 2, 25.71
1613796115, 0, 0, 326, 326, 32, 6.16%, 0, 0, 2, 25.08
1613796365, 0, 0, 327, 327, 32, 6.16%, 0, 0, 2, 22.91
1613796712, 0, 0, 328, 328, 32, 6.16%, 0, 0, 2, 27.91
1613796717, 0, 0, 329, 329, 32, 6.16%, 0, 0, 2, 27.63
1613796727, 0, 0, 330, 330, 32, 6.16%, 0, 0, 2, 26.50
1613797116, 0, 0, 331, 331, 32, 6.16%, 0, 0, 2, 21.89
1613797330, 0, 0, 332, 332, 32, 6.16%, 0, 0, 2, 31.83
1613797422, 0, 0, 333, 333, 32, 6.16%, 0, 0, 2, 26.98
1613797550, 0, 0, 334, 334, 32, 6.16%, 0, 0, 2, 23.74
1613797576, 0, 0, 338, 338, 32, 6.17%, 0, 0, 2, 1530.20
1613797581, 0, 0, 339, 339, 32, 6.17%, 0, 0, 2, 101.10
1613800277, 0, 0, 340, 340, 32, 6.17%, 0, 0, 2, 24.54
1613803429, 0, 0, 341, 341, 32, 6.17%, 0, 0, 2, 25.26
1613804270, 0, 0, 342, 342, 32, 6.18%, 0, 0, 2, 40.72
1613804858, 0, 0, 343, 343, 32, 6.18%, 0, 0, 2, 2882.84
1613805338, 0, 0, 344, 344, 32, 6.18%, 0, 0, 2, 27.97
1613809111, 0, 0, 345, 345, 32, 6.18%, 0, 0, 2, 25.14
1613809136, 0, 0, 346, 346, 32, 6.18%, 0, 0, 2, 24.61
1613809157, 0, 0, 347, 347, 32, 6.18%, 0, 0, 2, 24.86
1613810163, 0, 0, 348, 348, 32, 6.18%, 0, 0, 2, 1297.34
1613811486, 0, 0, 349, 349, 32, 6.18%, 0, 0, 2, 23.78
1613811491, 0, 1, 382, 381, 66, 6.26%, 0, 0, 2, 1679.77
1613811496, 0, 1, 420, 419, 66, 6.26%, 0, 0, 2, 1126.46
1613811521, 0, 1, 421, 420, 66, 6.26%, 0, 0, 2, 1200.79
1613811526, 0, 1, 422, 421, 66, 6.27%, 0, 0, 2, 976.84
1613811536, 0, 1, 428, 427, 66, 6.27%, 0, 0, 2, 1745.15
1613811541, 0, 1, 430, 429, 66, 6.27%, 0, 0, 2, 1959.65
1613811546, 0, 2, 470, 468, 72, 6.30%, 0, 0, 2, 1512.13
1613811552, 0, 2, 477, 475, 72, 6.30%, 0, 0, 2, 1330.81
1613811557, 0, 2, 481, 479, 72, 6.30%, 0, 0, 2, 893.00
1613811562, 0, 2, 482, 480, 72, 6.30%, 0, 0, 2, 1255.49
1613811567, 0, 2, 485, 483, 72, 6.30%, 0, 0, 2, 1183.78
1613811572, 0, 2, 487, 485, 72, 6.30%, 0, 0, 2, 1199.49
1613811577, 0, 4, 487, 484, 77, 6.30%, 0, 0, 2, 1395.40
1613811582, 0, 4, 531, 528, 77, 6.30%, 0, 0, 2, 927.23
1613811587, 0, 4, 533, 530, 77, 6.30%, 0, 0, 2, 1171.72
1613811592, 0, 4, 535, 532, 77, 6.30%, 0, 0, 2, 1048.54
1613811597, 0, 4, 536, 533, 77, 6.30%, 0, 0, 2, 743.85
1613811607, 0, 4, 537, 534, 77, 6.30%, 0, 0, 2, 910.96
1613811632, 0, 4, 538, 535, 77, 6.30%, 0, 0, 2, 926.83
1613811643, 0, 5, 578, 574, 82, 6.32%, 0, 0, 2, 852.70
1613811648, 0, 5, 583, 579, 82, 6.32%, 0, 0, 2, 826.95
1613811653, 0, 5, 585, 581, 82, 6.32%, 0, 0, 2, 1103.44
1613811658, 0, 5, 586, 582, 82, 6.32%, 0, 0, 2, 982.73
1613811683, 0, 5, 587, 583, 82, 6.32%, 0, 0, 2, 993.69
1613811693, 0, 5, 588, 584, 82, 6.32%, 0, 0, 2, 1072.15
1613811698, 0, 5, 590, 586, 82, 6.32%, 0, 0, 2, 778.71
1613811704, 0, 5, 591, 587, 82, 6.32%, 0, 0, 2, 589.19
1613811729, 0, 6, 599, 594, 82, 6.32%, 0, 0, 2, 869.57
1613811749, 0, 6, 600, 595, 82, 6.32%, 0, 0, 2, 678.19
1613811816, 0, 7, 620, 614, 82, 6.34%, 0, 0, 2, 856.64
1613811821, 0, 7, 636, 630, 82, 6.34%, 0, 0, 2, 526.31
1613811826, 0, 7, 637, 631, 82, 6.34%, 0, 0, 2, 610.51
1613811831, 0, 7, 638, 632, 82, 6.34%, 0, 0, 2, 457.31
1613811836, 0, 7, 639, 633, 82, 6.34%, 0, 0, 2, 613.95
1613812054, 0, 11, 639, 632, 83, 6.34%, 0, 0, 2, 664.71
1613812059, 0, 11, 659, 652, 83, 6.36%, 0, 0, 2, 646.34
1613812064, 0, 11, 663, 656, 83, 6.36%, 0, 0, 2, 499.66
1613812115, 0, 11, 665, 658, 83, 6.38%, 0, 0, 2, 564.61
1613812166, 0, 11, 666, 659, 83, 6.39%, 0, 0, 2, 424.51
1613812171, 0, 11, 667, 660, 83, 6.39%, 0, 0, 2, 575.65
1613812242, 0, 11, 669, 662, 83, 6.39%, 0, 0, 2, 913.16
1613812429, 0, 11, 670, 663, 83, 6.39%, 0, 0, 2, 392.41
1613812708, 0, 11, 671, 664, 83, 6.40%, 0, 0, 2, 699.94
1613813129, 0, 11, 672, 665, 83, 6.40%, 0, 0, 2, 1556.90
1613813134, 0, 11, 673, 666, 83, 6.40%, 0, 0, 2, 1013.94
1613813428, 0, 11, 675, 668, 83, 6.40%, 0, 0, 2, 739.83
1613813433, 0, 12, 675, 667, 92, 6.40%, 0, 0, 2, 788.09
1613813438, 0, 12, 683, 675, 92, 6.41%, 0, 0, 2, 671.38
1613813448, 0, 12, 684, 676, 92, 6.41%, 0, 0, 2, 462.23
1613813565, 0, 12, 685, 677, 92, 6.42%, 0, 0, 2, 963.78
1613814011, 0, 12, 686, 678, 92, 6.42%, 0, 0, 2, 463.51
1613814188, 0, 12, 687, 679, 92, 6.42%, 0, 0, 2, 2889.74
1613814401, 0, 13, 705, 696, 97, 6.45%, 0, 0, 2, 705.38
1613814406, 0, 13, 725, 716, 97, 6.45%, 0, 0, 2, 697.70
1613814411, 0, 13, 726, 717, 97, 6.46%, 0, 0, 2, 679.35
1613814427, 0, 13, 727, 718, 97, 6.46%, 0, 0, 2, 690.06
1613814442, 0, 13, 728, 719, 97, 6.48%, 0, 0, 2, 642.14
1613814462, 0, 13, 729, 720, 97, 6.48%, 0, 0, 2, 679.30
1613814467, 0, 13, 730, 721, 97, 6.49%, 0, 0, 2, 680.43
1613814544, 0, 13, 731, 722, 97, 6.49%, 0, 0, 2, 762.07
1613814549, 0, 13, 732, 723, 97, 6.49%, 0, 0, 2, 726.59
1613814569, 0, 13, 733, 724, 97, 6.49%, 0, 0, 2, 743.63
1613814584, 0, 13, 735, 726, 97, 6.49%, 0, 0, 2, 987.70
1613814635, 0, 13, 754, 745, 97, 6.52%, 0, 0, 2, 1328.24
1613814640, 0, 13, 757, 748, 97, 6.52%, 0, 0, 2, 1752.21
1613814650, 0, 14, 757, 747, 116, 6.52%, 0, 0, 2, 1788.27
1613814656, 0, 14, 761, 751, 116, 6.54%, 0, 0, 2, 785.74
1613814671, 0, 14, 764, 754, 116, 6.54%, 0, 0, 2, 526.36
1613814686, 0, 14, 766, 756, 116, 6.55%, 0, 0, 2, 463.42
1613814717, 0, 14, 768, 758, 116, 6.55%, 0, 0, 2, 462.77
1613814747, 0, 14, 770, 760, 116, 6.55%, 0, 0, 2, 474.12
1613815111, 0, 14, 775, 765, 116, 6.56%, 0, 0, 2, 449.18
1613815355, 0, 14, 776, 766, 116, 6.56%, 0, 0, 2, 439.66
1613815538, 0, 14, 779, 769, 116, 6.56%, 0, 0, 2, 951.12
1613815543, 0, 14, 781, 771, 116, 6.56%, 0, 0, 2, 1264.67
1613815548, 0, 14, 782, 772, 116, 6.56%, 0, 0, 2, 1291.85
1613815553, 0, 14, 783, 773, 116, 6.56%, 0, 0, 2, 1338.20
1613815558, 0, 16, 819, 808, 127, 6.58%, 0, 0, 2, 1099.59
1613815563, 0, 16, 827, 816, 127, 6.58%, 0, 0, 2, 1020.84
1613815568, 0, 16, 839, 828, 127, 6.58%, 0, 0, 2, 729.66
1613815583, 0, 16, 848, 837, 127, 6.58%, 0, 0, 2, 466.99
1613815589, 0, 16, 849, 838, 127, 6.58%, 0, 0, 2, 422.97
1613815599, 0, 16, 858, 847, 127, 6.63%, 0, 0, 2, 566.23
1613815645, 0, 16, 859, 848, 127, 6.63%, 0, 0, 2, 1018.64
1613815701, 0, 16, 860, 849, 127, 6.64%, 0, 0, 2, 1068.16
1613816318, 0, 16, 861, 850, 127, 6.64%, 0, 0, 2, 365.26
1613816521, 0, 16, 862, 851, 127, 6.64%, 0, 0, 2, 951.61
1613816531, 0, 16, 863, 852, 127, 6.64%, 0, 0, 2, 1241.17
1613816557, 0, 16, 864, 853, 127, 6.64%, 0, 0, 2, 864.50
1613816780, 0, 17, 873, 861, 142, 6.67%, 0, 0, 2, 1354.44
1613816785, 0, 17, 902, 890, 142, 6.69%, 0, 0, 2, 951.55
1613816790, 0, 17, 907, 895, 142, 6.69%, 0, 0, 2, 679.36
1613816800, 0, 17, 910, 898, 142, 6.69%, 0, 0, 2, 585.70
1613816805, 0, 17, 915, 903, 142, 6.69%, 0, 0, 2, 1554.52
1613816815, 0, 17, 917, 905, 142, 6.69%, 0, 0, 2, 666.81
1613816841, 0, 17, 918, 906, 142, 6.69%, 0, 0, 2, 652.80
1613816856, 0, 17, 919, 907, 142, 6.69%, 0, 0, 2, 891.89
1613816881, 0, 17, 920, 908, 142, 6.69%, 0, 0, 2, 1476.44
1613816912, 0, 17, 921, 909, 142, 6.69%, 0, 0, 2, 638.45
1613816917, 0, 17, 922, 910, 142, 6.69%, 0, 0, 2, 626.06
1613816947, 0, 17, 923, 911, 142, 6.69%, 0, 0, 2, 615.42
1613817054, 0, 17, 924, 912, 142, 6.69%, 0, 0, 2, 979.80
1613817074, 0, 17, 925, 913, 142, 6.69%, 0, 0, 2, 1333.96
1613817084, 0, 17, 926, 914, 142, 6.69%, 0, 0, 2, 1335.60
1613817095, 0, 17, 927, 915, 142, 6.69%, 0, 0, 2, 725.55
1613817105, 0, 17, 929, 917, 142, 6.69%, 0, 0, 2, 644.58
1613817171, 0, 17, 930, 918, 142, 6.69%, 0, 0, 2, 1174.24
1613817278, 0, 17, 931, 919, 142, 6.71%, 0, 0, 2, 2053.60
1613817415, 0, 17, 934, 922, 142, 6.71%, 0, 0, 2, 1519.62
1613817426, 0, 18, 940, 927, 159, 6.74%, 0, 0, 2, 1787.78
1613817431, 0, 18, 959, 946, 159, 6.74%, 0, 0, 2, 903.81
1613817436, 0, 18, 960, 947, 159, 6.74%, 0, 0, 2, 650.06
1613817441, 0, 18, 961, 948, 159, 6.74%, 0, 0, 2, 585.78
1613817451, 0, 18, 963, 950, 159, 6.74%, 0, 0, 2, 912.08
1613817466, 0, 18, 964, 951, 159, 6.75%, 0, 0, 2, 848.65
1613817497, 0, 18, 965, 952, 159, 6.75%, 0, 0, 2, 866.05
1613817548, 0, 18, 966, 953, 159, 6.75%, 0, 0, 2, 648.31
1613817787, 0, 18, 967, 954, 159, 6.75%, 0, 0, 2, 699.75
1613817990, 0, 19, 967, 953, 165, 6.75%, 0, 0, 2, 170.15
1613817995, 0, 19, 975, 961, 165, 6.78%, 0, 0, 2, 131.36
1613818000, 0, 19, 984, 970, 165, 6.81%, 0, 0, 2, 135.58
1613818005, 0, 19, 994, 980, 165, 6.84%, 0, 0, 2, 116.96
1613818010, 0, 19, 1005, 991, 165, 6.88%, 0, 0, 2, 126.08
1613818015, 0, 19, 1019, 1005, 165, 6.90%, 0, 0, 2, 989.30
1613818020, 0, 19, 1023, 1009, 165, 6.90%, 0, 0, 2, 142.70
1613818026, 0, 19, 1029, 1015, 165, 6.90%, 0, 0, 2, 169.34
1613818036, 0, 19, 1037, 1023, 165, 6.90%, 0, 0, 2, 162.50
1613818041, 0, 19, 1038, 1024, 165, 6.90%, 0, 0, 2, 155.85
1613818051, 0, 19, 1041, 1027, 165, 6.90%, 0, 0, 2, 158.32
1613818056, 0, 19, 1045, 1031, 165, 6.90%, 0, 0, 2, 148.12
1613818087, 0, 19, 1046, 1032, 165, 6.90%, 0, 0, 2, 151.67
1613818097, 0, 19, 1047, 1033, 165, 6.90%, 0, 0, 2, 131.20
1613818102, 0, 19, 1048, 1034, 165, 6.90%, 0, 0, 2, 132.20
1613818107, 0, 19, 1049, 1035, 165, 6.90%, 0, 0, 2, 131.63
1613818128, 0, 19, 1050, 1036, 165, 6.90%, 0, 0, 2, 117.05
1613818143, 0, 19, 1053, 1039, 165, 6.90%, 0, 0, 2, 131.45
1613818148, 0, 19, 1056, 1042, 165, 6.90%, 0, 0, 2, 135.21
1613818204, 0, 19, 1058, 1044, 165, 6.90%, 0, 0, 2, 113.25
1613818225, 0, 19, 1060, 1046, 165, 6.90%, 0, 0, 2, 110.24
1613818245, 0, 19, 1061, 1047, 165, 6.90%, 0, 0, 2, 112.74
1613818261, 0, 19, 1062, 1048, 165, 6.90%, 0, 0, 2, 109.06
1613818276, 0, 19, 1063, 1049, 165, 6.90%, 0, 0, 2, 116.55
1613818397, 0, 19, 1064, 1050, 165, 6.90%, 0, 0, 2, 100.86
1613818412, 0, 19, 1065, 1051, 165, 6.90%, 0, 0, 2, 101.90
1613818576, 0, 19, 1066, 1052, 165, 6.90%, 0, 0, 2, 96.50
1613818581, 0, 19, 1071, 1057, 165, 6.91%, 0, 0, 2, 94.24
1613818596, 0, 19, 1075, 1061, 165, 6.92%, 0, 0, 2, 92.06
1613818601, 0, 19, 1077, 1063, 165, 6.92%, 0, 0, 2, 1558.25
1613818606, 0, 19, 1078, 1064, 165, 6.93%, 0, 0, 2, 116.40
1613818611, 0, 19, 1079, 1065, 165, 6.93%, 0, 0, 2, 133.13
1613818617, 0, 19, 1080, 1066, 165, 6.93%, 0, 0, 2, 111.67
1613818682, 0, 19, 1081, 1067, 165, 6.93%, 0, 0, 2, 168.10
1613819182, 0, 19, 1083, 1069, 165, 6.94%, 0, 0, 2, 134.99
1613819732, 0, 19, 1084, 1070, 165, 6.94%, 0, 0, 2, 93.34
1613819870, 0, 19, 1085, 1071, 165, 6.94%, 0, 0, 2, 129.15
1613819936, 0, 19, 1090, 1076, 165, 6.95%, 0, 0, 2, 221.28
1613819946, 0, 19, 1092, 1078, 165, 6.95%, 0, 0, 2, 152.40
1613819951, 0, 19, 1094, 1080, 165, 6.96%, 0, 0, 2, 96.49
1613819987, 0, 19, 1095, 1081, 165, 6.96%, 0, 0, 2, 96.33
1613820002, 0, 19, 1096, 1082, 165, 6.96%, 0, 0, 2, 668.32
1613820033, 0, 19, 1097, 1083, 165, 6.97%, 0, 0, 2, 89.16
1613820049, 0, 19, 1098, 1084, 165, 6.97%, 0, 0, 2, 118.10
1613820059, 0, 19, 1099, 1085, 165, 6.97%, 0, 0, 2, 126.52
1613820074, 0, 19, 1100, 1086, 165, 6.97%, 0, 0, 2, 1263.41
1613824303, 0, 19, 1101, 1087, 165, 6.98%, 0, 0, 2, 92.66
1613824431, 0, 19, 1102, 1088, 165, 6.98%, 0, 0, 2, 92.58
1613824477, 0, 19, 1103, 1089, 165, 6.98%, 0, 0, 2, 96.27
1613824539, 0, 19, 1104, 1090, 165, 6.98%, 0, 0, 2, 193.99
1613825630, 0, 19, 1105, 1091, 165, 6.98%, 0, 0, 2, 90.92
1613827382, 0, 19, 1106, 1092, 165, 6.98%, 0, 0, 2, 89.39
1613829820, 0, 19, 1110, 1096, 165, 6.99%, 0, 0, 2, 253.66
1613829907, 0, 19, 1111, 1097, 165, 6.99%, 0, 0, 2, 128.46
1613829918, 0, 19, 1112, 1098, 165, 6.99%, 0, 0, 2, 806.07
